100
483 485
121 122
1 65
581 987
3 104
1 104
1 302
202 986
65 484
49 658
1 101
1 109
125 158
9 65
197 352
746 979
4 6
399 946
255 324
1 10
261 695
51 430
3 4
7 742
1 9
21 122
1 584
278 934
484 584
7 221
1 1000
122 483
1 4
582 967
4 484
9 221
120 484
4 9
1 485
1 2
8 485
365 938
155 728
183 232
4 584
403 802
3 10
483 584
98 677
9 302
697 704
392 830
120 485
121 121
7 109
376 418
3 65
120 584
3 6
10 120
8 584
9 472
122 1000
1 742
1 6
108 823
262 292
237 368
51 516
330 762
1 1
408 901
303 742
3 109
566 745
7 9
279 935
4 104
1 5
216 662
4 485
65 485
100 1000
121 584
1 122
21 485
346 455
121 484
9 10
317 486
303 485
171 949
603 680
292 721
94 798
3 5
9 742
8 302
475 705
21 584
